  0   2   2   2   2   2   2   2   2   2   2   2  75  75  76  77  78  79  80  81  82  83  84  85  75  75  76  77  78  79  80  81  82  83  84  85  75  75  76  77  78  79  80  81  82  83  84  85  75  75  76  77  78  79  80  81  82  83  84  85  75  75  76  77  78  79  80  81  82  83  84  85  75  75  76  77  78  79  80  81  82  83  84  85  75  75  76  77  78  79  80  81  82  83  84  85  75  75  76  77  78  79  80  81  82  83  84  85  75  75  76  77  78  79  80  81  82  83  84  85  75  75  76  77  78  79  80  81  82  83  84  85  75  75  76  77  78  79  80  81  82  83  84  85
  0   0   2   2   2   2   2   2   2   2   2   2  75  81  83  86  89  92  95  98 101 104 107 110  75  81  83  86  89  92  95  98 101 104 107 110  75  81  83  86  89  92  95  98 101 104 107 110  75  81  83  86  89  92  95  98 101 104 107 110  75  81  83  86  89  92  95  98 101 104 107 110  75  81  83  86  89  92  95  98 101 104 107 110  75  81  83  86  89  92  95  98 101 104 107 110  75  81  83  86  89  92  95  98 101 104 107 110  75  81  83  86  89  92  95  98 101 104 107 110  75  81  83  86  89  92  95  98 101 104 107 110  75  81  83  86  89  92  95  98 101 104 107 110
  0   0   0   2   2   2   2   2   2   2   2   2  76  83  91  95 100 105 110 115 120 125 130 135  76  83  91  95 100 105 110 115 120 125 130 135  76  83  91  95 100 105 110 115 120 125 130 135  76  83  91  95 100 105 110 115 120 125 130 135  76  83  91  95 100 105 110 115 120 125 130 135  76  83  91  95 100 105 110 115 120 125 130 135  76  83  91  95 100 105 110 115 120 125 130 135  76  83  91  95 100 105 110 115 120 125 130 135  76  83  91  95 100 105 110 115 120 125 130 135  76  83  91  95 100 105 110 115 120 125 130 135  76  83  91  95 100 105 110 115 120 125 130 135
  0   0   0   0   2   2   2   2   2   2   2   2  77  86  95 105 111 118 125 132 139 146 153 160  77  86  95 105 111 118 125 132 139 146 153 160  77  86  95 105 111 118 125 132 139 146 153 160  77  86  95 105 111 118 125 132 139 146 153 160  77  86  95 105 111 118 125 132 139 146 153 160  77  86  95 105 111 118 125 132 139 146 153 160  77  86  95 105 111 118 125 132 139 146 153 160  77  86  95 105 111 118 125 132 139 146 153 160  77  86  95 105 111 118 125 132 139 146 153 160  77  86  95 105 111 118 125 132 139 146 153 160  77  86  95 105 111 118 125 132 139 146 153 160
  0   0   0   0   0   2   2   2   2   2   2   2  78  89 100 111 123 131 140 149 158 167 176 185  78  89 100 111 123 131 140 149 158 167 176 185  78  89 100 111 123 131 140 149 158 167 176 185  78  89 100 111 123 131 140 149 158 167 176 185  78  89 100 111 123 131 140 149 158 167 176 185  78  89 100 111 123 131 140 149 158 167 176 185  78  89 100 111 123 131 140 149 158 167 176 185  78  89 100 111 123 131 140 149 158 167 176 185  78  89 100 111 123 131 140 149 158 167 176 185  78  89 100 111 123 131 140 149 158 167 176 185  78  89 100 111 123 131 140 149 158 167 176 185
  0   0   0   0   0   0   2   2   2   2   2   2  79  92 105 118 131 145 155 166 177 188 199 210  79  92 105 118 131 145 155 166 177 188 199 210  79  92 105 118 131 145 155 166 177 188 199 210  79  92 105 118 131 145 155 166 177 188 199 210  79  92 105 118 131 145 155 166 177 188 199 210  79  92 105 118 131 145 155 166 177 188 199 210  79  92 105 118 131 145 155 166 177 188 199 210  79  92 105 118 131 145 155 166 177 188 199 210  79  92 105 118 131 145 155 166 177 188 199 210  79  92 105 118 131 145 155 166 177 188 199 210  79  92 105 118 131 145 155 166 177 188 199 210
  0   0   0   0   0   0   0   2   2   2   2   2  80  95 110 125 140 155 171 183 196 209 222 235  80  95 110 125 140 155 171 183 196 209 222 235  80  95 110 125 140 155 171 183 196 209 222 235  80  95 110 125 140 155 171 183 196 209 222 235  80  95 110 125 140 155 171 183 196 209 222 235  80  95 110 125 140 155 171 183 196 209 222 235  80  95 110 125 140 155 171 183 196 209 222 235  80  95 110 125 140 155 171 183 196 209 222 235  80  95 110 125 140 155 171 183 196 209 222 235  80  95 110 125 140 155 171 183 196 209 222 235  80  95 110 125 140 155 171 183 196 209 222 235
  0   0   0   0   0   0   0   0   2   2   2   2  81  98 115 132 149 166 183 201 215 230 245 260  81  98 115 132 149 166 183 201 215 230 245 260  81  98 115 132 149 166 183 201 215 230 245 260  81  98 115 132 149 166 183 201 215 230 245 260  81  98 115 132 149 166 183 201 215 230 245 260  81  98 115 132 149 166 183 201 215 230 245 260  81  98 115 132 149 166 183 201 215 230 245 260  81  98 115 132 149 166 183 201 215 230 245 260  81  98 115 132 149 166 183 201 215 230 245 260  81  98 115 132 149 166 183 201 215 230 245 260  81  98 115 132 149 166 183 201 215 230 245 260
  0   0   0   0   0   0   0   0   0   2   2   2  82 101 120 139 158 177 196 215 235 251 268 285  82 101 120 139 158 177 196 215 235 251 268 285  82 101 120 139 158 177 196 215 235 251 268 285  82 101 120 139 158 177 196 215 235 251 268 285  82 101 120 139 158 177 196 215 235 251 268 285  82 101 120 139 158 177 196 215 235 251 268 285  82 101 120 139 158 177 196 215 235 251 268 285  82 101 120 139 158 177 196 215 235 251 268 285  82 101 120 139 158 177 196 215 235 251 268 285  82 101 120 139 158 177 196 215 235 251 268 285  82 101 120 139 158 177 196 215 235 251 268 285
  0   0   0   0   0   0   0   0   0   0   2   2  83 104 125 146 167 188 209 230 251 273 291 310  83 104 125 146 167 188 209 230 251 273 291 310  83 104 125 146 167 188 209 230 251 273 291 310  83 104 125 146 167 188 209 230 251 273 291 310  83 104 125 146 167 188 209 230 251 273 291 310  83 104 125 146 167 188 209 230 251 273 291 310  83 104 125 146 167 188 209 230 251 273 291 310  83 104 125 146 167 188 209 230 251 273 291 310  83 104 125 146 167 188 209 230 251 273 291 310  83 104 125 146 167 188 209 230 251 273 291 310  83 104 125 146 167 188 209 230 251 273 291 310
  0   0   0   0   0   0   0   0   0   0   0   2  84 107 130 153 176 199 222 245 268 291 315 335  84 107 130 153 176 199 222 245 268 291 315 335  84 107 130 153 176 199 222 245 268 291 315 335  84 107 130 153 176 199 222 245 268 291 315 335  84 107 130 153 176 199 222 245 268 291 315 335  84 107 130 153 176 199 222 245 268 291 315 335  84 107 130 153 176 199 222 245 268 291 315 335  84 107 130 153 176 199 222 245 268 291 315 335  84 107 130 153 176 199 222 245 268 291 315 335  84 107 130 153 176 199 222 245 268 291 315 335  84 107 130 153 176 199 222 245 268 291 315 335
  0   0   0   0   0   0   0   0   0   0   0   0  85 110 135 160 185 210 235 260 285 310 335 361  85 110 135 160 185 210 235 260 285 310 335 361  85 110 135 160 185 210 235 260 285 310 335 361  85 110 135 160 185 210 235 260 285 310 335 361  85 110 135 160 185 210 235 260 285 310 335 361  85 110 135 160 185 210 235 260 285 310 335 361  85 110 135 160 185 210 235 260 285 310 335 361  85 110 135 160 185 210 235 260 285 310 335 361  85 110 135 160 185 210 235 260 285 310 335 361  85 110 135 160 185 210 235 260 285 310 335 361  85 110 135 160 185 210 235 260 285 310 335 361
  0   0   0   0   0   0   0   0   0   0   0   0   0   2   2   2   2   2   2   2   2   2   2   2  75  75  76  77  78  79  80  81  82  83  84  85  75  75  76  77  78  79  80  81  82  83  84  85  75  75  76  77  78  79  80  81  82  83  84  85  75  75  76  77  78  79  80  81  82  83  84  85  75  75  76  77  78  79  80  81  82  83  84  85  75  75  76  77  78  79  80  81  82  83  84  85  75  75  76  77  78  79  80  81  82  83  84  85  75  75  76  77  78  79  80  81  82  83  84  85  75  75  76  77  78  79  80  81  82  83  84  85  75  75  76  77  78  79  80  81  82  83  84  85
  0   0   0   0   0   0   0   0   0   0   0   0   0   0   2   2   2   2   2   2   2   2   2   2  75  81  83  86  89  92  95  98 101 104 107 110  75  81  83  86  89  92  95  98 101 104 107 110  75  81  83  86  89  92  95  98 101 104 107 110  75  81  83  86  89  92  95  98 101 104 107 110  75  81  83  86  89  92  95  98 101 104 107 110  75  81  83  86  89  92  95  98 101 104 107 110  75  81  83  86  89  92  95  98 101 104 107 110  75  81  83  86  89  92  95  98 101 104 107 110  75  81  83  86  89  92  95  98 101 104 107 110  75  81  83  86  89  92  95  98 101 104 107 110
  0   0   0   0   0   0   0   0   0   0   0   0   0   0   0   2   2   2   2   2   2   2   2   2  76  83  91  95 100 105 110 115 120 125 130 135  76  83  91  95 100 105 110 115 120 125 130 135  76  83  91  95 100 105 110 115 120 125 130 135  76  83  91  95 100 105 110 115 120 125 130 135  76  83  91  95 100 105 110 115 120 125 130 135  76  83  91  95 100 105 110 115 120 125 130 135  76  83  91  95 100 105 110 115 120 125 130 135  76  83  91  95 100 105 110 115 120 125 130 135  76  83  91  95 100 105 110 115 120 125 130 135  76  83  91  95 100 105 110 115 120 125 130 135
  0   0   0   0   0   0   0   0   0   0   0   0   0   0   0   0   2   2   2   2   2   2   2   2  77  86  95 105 111 118 125 132 139 146 153 160  77  86  95 105 111 118 125 132 139 146 153 160  77  86  95 105 111 118 125 132 139 146 153 160  77  86  95 105 111 118 125 132 139 146 153 160  77  86  95 105 111 118 125 132 139 146 153 160  77  86  95 105 111 118 125 132 139 146 153 160  77  86  95 105 111 118 125 132 139 146 153 160  77  86  95 105 111 118 125 132 139 146 153 160  77  86  95 105 111 118 125 132 139 146 153 160  77  86  95 105 111 118 125 132 139 146 153 160
  0   0   0   0   0   0   0   0   0   0   0   0   0   0   0   0   0   2   2   2   2   2   2   2  78  89 100 111 123 131 140 149 158 167 176 185  78  89 100 111 123 131 140 149 158 167 176 185  78  89 100 111 123 131 140 149 158 167 176 185  78  89 100 111 123 131 140 149 158 167 176 185  78  89 100 111 123 131 140 149 158 167 176 185  78  89 100 111 123 131 140 149 158 167 176 185  78  89 100 111 123 131 140 149 158 167 176 185  78  89 100 111 123 131 140 149 158 167 176 185  78  89 100 111 123 131 140 149 158 167 176 185  78  89 100 111 123 131 140 149 158 167 176 185
  0   0   0   0   0   0   0   0   0   0   0   0   0   0   0   0   0   0   2   2   2   2   2   2  79  92 105 118 131 145 155 166 177 188 199 210  79  92 105 118 131 145 155 166 177 188 199 210  79  92 105 118 131 145 155 166 177 188 199 210  79  92 105 118 131 145 155 166 177 188 199 210  79  92 105 118 131 145 155 166 177 188 199 210  79  92 105 118 131 145 155 166 177 188 199 210  79  92 105 118 131 145 155 166 177 188 199 210  79  92 105 118 131 145 155 166 177 188 199 210  79  92 105 118 131 145 155 166 177 188 199 210  79  92 105 118 131 145 155 166 177 188 199 210
  0   0   0   0   0   0   0   0   0   0   0   0   0   0   0   0   0   0   0   2   2   2   2   2  80  95 110 125 140 155 171 183 196 209 222 235  80  95 110 125 140 155 171 183 196 209 222 235  80  95 110 125 140 155 171 183 196 209 222 235  80  95 110 125 140 155 171 183 196 209 222 235  80  95 110 125 140 155 171 183 196 209 222 235  80  95 110 125 140 155 171 183 196 209 222 235  80  95 110 125 140 155 171 183 196 209 222 235  80  95 110 125 140 155 171 183 196 209 222 235  80  95 110 125 140 155 171 183 196 209 222 235  80  95 110 125 140 155 171 183 196 209 222 235
  0   0   0   0   0   0   0   0   0   0   0   0   0   0   0   0   0   0   0   0   2   2   2   2  81  98 115 132 149 166 183 201 215 230 245 260  81  98 115 132 149 166 183 201 215 230 245 260  81  98 115 132 149 166 183 201 215 230 245 260  81  98 115 132 149 166 183 201 215 230 245 260  81  98 115 132 149 166 183 201 215 230 245 260  81  98 115 132 149 166 183 201 215 230 245 260  81  98 115 132 149 166 183 201 215 230 245 260  81  98 115 132 149 166 183 201 215 230 245 260  81  98 115 132 149 166 183 201 215 230 245 260  81  98 115 132 149 166 183 201 215 230 245 260
  0   0   0   0   0   0   0   0   0   0   0   0   0   0   0   0   0   0   0   0   0   2   2   2  82 101 120 139 158 177 196 215 235 251 268 285  82 101 120 139 158 177 196 215 235 251 268 285  82 101 120 139 158 177 196 215 235 251 268 285  82 101 120 139 158 177 196 215 235 251 268 285  82 101 120 139 158 177 196 215 235 251 268 285  82 101 120 139 158 177 196 215 235 251 268 285  82 101 120 139 158 177 196 215 235 251 268 285  82 101 120 139 158 177 196 215 235 251 268 285  82 101 120 139 158 177 196 215 235 251 268 285  82 101 120 139 158 177 196 215 235 251 268 285
  0   0   0   0   0   0   0   0   0   0   0   0   0   0   0   0   0   0   0   0   0   0   2   2  83 104 125 146 167 188 209 230 251 273 291 310  83 104 125 146 167 188 209 230 251 273 291 310  83 104 125 146 167 188 209 230 251 273 291 310  83 104 125 146 167 188 209 230 251 273 291 310  83 104 125 146 167 188 209 230 251 273 291 310  83 104 125 146 167 188 209 230 251 273 291 310  83 104 125 146 167 188 209 230 251 273 291 310  83 104 125 146 167 188 209 230 251 273 291 310  83 104 125 146 167 188 209 230 251 273 291 310  83 104 125 146 167 188 209 230 251 273 291 310
  0   0   0   0   0   0   0   0   0   0   0   0   0   0   0   0   0   0   0   0   0   0   0   2  84 107 130 153 176 199 222 245 268 291 315 335  84 107 130 153 176 199 222 245 268 291 315 335  84 107 130 153 176 199 222 245 268 291 315 335  84 107 130 153 176 199 222 245 268 291 315 335  84 107 130 153 176 199 222 245 268 291 315 335  84 107 130 153 176 199 222 245 268 291 315 335  84 107 130 153 176 199 222 245 268 291 315 335  84 107 130 153 176 199 222 245 268 291 315 335  84 107 130 153 176 199 222 245 268 291 315 335  84 107 130 153 176 199 222 245 268 291 315 335
  0   0   0   0   0   0   0   0   0   0   0   0   0   0   0   0   0   0   0   0   0   0   0   0  85 110 135 160 185 210 235 260 285 310 335 361  85 110 135 160 185 210 235 260 285 310 335 361  85 110 135 160 185 210 235 260 285 310 335 361  85 110 135 160 185 210 235 260 285 310 335 361  85 110 135 160 185 210 235 260 285 310 335 361  85 110 135 160 185 210 235 260 285 310 335 361  85 110 135 160 185 210 235 260 285 310 335 361  85 110 135 160 185 210 235 260 285 310 335 361  85 110 135 160 185 210 235 260 285 310 335 361  85 110 135 160 185 210 235 260 285 310 335 361
  0   0   0   0   0   0   0   0   0   0   0   0   0   0   0   0   0   0   0   0   0   0   0   0   0   2   2   2   2   2   2   2   2   2   2   2  75  75  76  77  78  79  80  81  82  83  84  85  75  75  76  77  78  79  80  81  82  83  84  85  75  75  76  77  78  79  80  81  82  83  84  85  75  75  76  77  78  79  80  81  82  83  84  85  75  75  76  77  78  79  80  81  82  83  84  85  75  75  76  77  78  79  80  81  82  83  84  85  75  75  76  77  78  79  80  81  82  83  84  85  75  75  76  77  78  79  80  81  82  83  84  85  75  75  76  77  78  79  80  81  82  83  84  85
  0   0   0   0   0   0   0   0   0   0   0   0   0   0   0   0   0   0   0   0   0   0   0   0   0   0   2   2   2   2   2   2   2   2   2   2  75  81  83  86  89  92  95  98 101 104 107 110  75  81  83  86  89  92  95  98 101 104 107 110  75  81  83  86  89  92  95  98 101 104 107 110  75  81  83  86  89  92  95  98 101 104 107 110  75  81  83  86  89  92  95  98 101 104 107 110  75  81  83  86  89  92  95  98 101 104 107 110  75  81  83  86  89  92  95  98 101 104 107 110  75  81  83  86  89  92  95  98 101 104 107 110  75  81  83  86  89  92  95  98 101 104 107 110
  0   0   0   0   0   0   0   0   0   0   0   0   0   0   0   0   0   0   0   0   0   0   0   0   0   0   0   2   2   2   2   2   2   2   2   2  76  83  91  95 100 105 110 115 120 125 130 135  76  83  91  95 100 105 110 115 120 125 130 135  76  83  91  95 100 105 110 115 120 125 130 135  76  83  91  95 100 105 110 115 120 125 130 135  76  83  91  95 100 105 110 115 120 125 130 135  76  83  91  95 100 105 110 115 120 125 130 135  76  83  91  95 100 105 110 115 120 125 130 135  76  83  91  95 100 105 110 115 120 125 130 135  76  83  91  95 100 105 110 115 120 125 130 135
  0   0   0   0   0   0   0   0   0   0   0   0   0   0   0   0   0   0   0   0   0   0   0   0   0   0   0   0   2   2   2   2   2   2   2   2  77  86  95 105 111 118 125 132 139 146 153 160  77  86  95 105 111 118 125 132 139 146 153 160  77  86  95 105 111 118 125 132 139 146 153 160  77  86  95 105 111 118 125 132 139 146 153 160  77  86  95 105 111 118 125 132 139 146 153 160  77  86  95 105 111 118 125 132 139 146 153 160  77  86  95 105 111 118 125 132 139 146 153 160  77  86  95 105 111 118 125 132 139 146 153 160  77  86  95 105 111 118 125 132 139 146 153 160
  0   0   0   0   0   0   0   0   0   0   0   0   0   0   0   0   0   0   0   0   0   0   0   0   0   0   0   0   0   2   2   2   2   2   2   2  78  89 100 111 123 131 140 149 158 167 176 185  78  89 100 111 123 131 140 149 158 167 176 185  78  89 100 111 123 131 140 149 158 167 176 185  78  89 100 111 123 131 140 149 158 167 176 185  78  89 100 111 123 131 140 149 158 167 176 185  78  89 100 111 123 131 140 149 158 167 176 185  78  89 100 111 123 131 140 149 158 167 176 185  78  89 100 111 123 131 140 149 158 167 176 185  78  89 100 111 123 131 140 149 158 167 176 185
  0   0   0   0   0   0   0   0   0   0   0   0   0   0   0   0   0   0   0   0   0   0   0   0   0   0   0   0   0   0   2   2   2   2   2   2  79  92 105 118 131 145 155 166 177 188 199 210  79  92 105 118 131 145 155 166 177 188 199 210  79  92 105 118 131 145 155 166 177 188 199 210  79  92 105 118 131 145 155 166 177 188 199 210  79  92 105 118 131 145 155 166 177 188 199 210  79  92 105 118 131 145 155 166 177 188 199 210  79  92 105 118 131 145 155 166 177 188 199 210  79  92 105 118 131 145 155 166 177 188 199 210  79  92 105 118 131 145 155 166 177 188 199 210
  0   0   0   0   0   0   0   0   0   0   0   0   0   0   0   0   0   0   0   0   0   0   0   0   0   0   0   0   0   0   0   2   2   2   2   2  80  95 110 125 140 155 171 183 196 209 222 235  80  95 110 125 140 155 171 183 196 209 222 235  80  95 110 125 140 155 171 183 196 209 222 235  80  95 110 125 140 155 171 183 196 209 222 235  80  95 110 125 140 155 171 183 196 209 222 235  80  95 110 125 140 155 171 183 196 209 222 235  80  95 110 125 140 155 171 183 196 209 222 235  80  95 110 125 140 155 171 183 196 209 222 235  80  95 110 125 140 155 171 183 196 209 222 235
  0   0   0   0   0   0   0   0   0   0   0   0   0   0   0   0   0   0   0   0   0   0   0   0   0   0   0   0   0   0   0   0   2   2   2   2  81  98 115 132 149 166 183 201 215 230 245 260  81  98 115 132 149 166 183 201 215 230 245 260  81  98 115 132 149 166 183 201 215 230 245 260  81  98 115 132 149 166 183 201 215 230 245 260  81  98 115 132 149 166 183 201 215 230 245 260  81  98 115 132 149 166 183 201 215 230 245 260  81  98 115 132 149 166 183 201 215 230 245 260  81  98 115 132 149 166 183 201 215 230 245 260  81  98 115 132 149 166 183 201 215 230 245 260
  0   0   0   0   0   0   0   0   0   0   0   0   0   0   0   0   0   0   0   0   0   0   0   0   0   0   0   0   0   0   0   0   0   2   2   2  82 101 120 139 158 177 196 215 235 251 268 285  82 101 120 139 158 177 196 215 235 251 268 285  82 101 120 139 158 177 196 215 235 251 268 285  82 101 120 139 158 177 196 215 235 251 268 285  82 101 120 139 158 177 196 215 235 251 268 285  82 101 120 139 158 177 196 215 235 251 268 285  82 101 120 139 158 177 196 215 235 251 268 285  82 101 120 139 158 177 196 215 235 251 268 285  82 101 120 139 158 177 196 215 235 251 268 285
  0   0   0   0   0   0   0   0   0   0   0   0   0   0   0   0   0   0   0   0   0   0   0   0   0   0   0   0   0   0   0   0   0   0   2   2  83 104 125 146 167 188 209 230 251 273 291 310  83 104 125 146 167 188 209 230 251 273 291 310  83 104 125 146 167 188 209 230 251 273 291 310  83 104 125 146 167 188 209 230 251 273 291 310  83 104 125 146 167 188 209 230 251 273 291 310  83 104 125 146 167 188 209 230 251 273 291 310  83 104 125 146 167 188 209 230 251 273 291 310  83 104 125 146 167 188 209 230 251 273 291 310  83 104 125 146 167 188 209 230 251 273 291 310
  0   0   0   0   0   0   0   0   0   0   0   0   0   0   0   0   0   0   0   0   0   0   0   0   0   0   0   0   0   0   0   0   0   0   0   2  84 107 130 153 176 199 222 245 268 291 315 335  84 107 130 153 176 199 222 245 268 291 315 335  84 107 130 153 176 199 222 245 268 291 315 335  84 107 130 153 176 199 222 245 268 291 315 335  84 107 130 153 176 199 222 245 268 291 315 335  84 107 130 153 176 199 222 245 268 291 315 335  84 107 130 153 176 199 222 245 268 291 315 335  84 107 130 153 176 199 222 245 268 291 315 335  84 107 130 153 176 199 222 245 268 291 315 335
  0   0   0   0   0   0   0   0   0   0   0   0   0   0   0   0   0   0   0   0   0   0   0   0   0   0   0   0   0   0   0   0   0   0   0   0  85 110 135 160 185 210 235 260 285 310 335 361  85 110 135 160 185 210 235 260 285 310 335 361  85 110 135 160 185 210 235 260 285 310 335 361  85 110 135 160 185 210 235 260 285 310 335 361  85 110 135 160 185 210 235 260 285 310 335 361  85 110 135 160 185 210 235 260 285 310 335 361  85 110 135 160 185 210 235 260 285 310 335 361  85 110 135 160 185 210 235 260 285 310 335 361  85 110 135 160 185 210 235 260 285 310 335 361
  0   0   0   0   0   0   0   0   0   0   0   0   0   0   0   0   0   0   0   0   0   0   0   0   0   0   0   0   0   0   0   0   0   0   0   0   0   2   2   2   2   2   2   2   2   2   2   2  75  75  76  77  78  79  80  81  82  83  84  85  75  75  76  77  78  79  80  81  82  83  84  85  75  75  76  77  78  79  80  81  82  83  84  85  75  75  76  77  78  79  80  81  82  83  84  85  75  75  76  77  78  79  80  81  82  83  84  85  75  75  76  77  78  79  80  81  82  83  84  85  75  75  76  77  78  79  80  81  82  83  84  85  75  75  76  77  78  79  80  81  82  83  84  85
  0   0   0   0   0   0   0   0   0   0   0   0   0   0   0   0   0   0   0   0   0   0   0   0   0   0   0   0   0   0   0   0   0   0   0   0   0   0   2   2   2   2   2   2   2   2   2   2  75  81  83  86  89  92  95  98 101 104 107 110  75  81  83  86  89  92  95  98 101 104 107 110  75  81  83  86  89  92  95  98 101 104 107 110  75  81  83  86  89  92  95  98 101 104 107 110  75  81  83  86  89  92  95  98 101 104 107 110  75  81  83  86  89  92  95  98 101 104 107 110  75  81  83  86  89  92  95  98 101 104 107 110  75  81  83  86  89  92  95  98 101 104 107 110
  0   0   0   0   0   0   0   0   0   0   0   0   0   0   0   0   0   0   0   0   0   0   0   0   0   0   0   0   0   0   0   0   0   0   0   0   0   0   0   2   2   2   2   2   2   2   2   2  76  83  91  95 100 105 110 115 120 125 130 135  76  83  91  95 100 105 110 115 120 125 130 135  76  83  91  95 100 105 110 115 120 125 130 135  76  83  91  95 100 105 110 115 120 125 130 135  76  83  91  95 100 105 110 115 120 125 130 135  76  83  91  95 100 105 110 115 120 125 130 135  76  83  91  95 100 105 110 115 120 125 130 135  76  83  91  95 100 105 110 115 120 125 130 135
  0   0   0   0   0   0   0   0   0   0   0   0   0   0   0   0   0   0   0   0   0   0   0   0   0   0   0   0   0   0   0   0   0   0   0   0   0   0   0   0   2   2   2   2   2   2   2   2  77  86  95 105 111 118 125 132 139 146 153 160  77  86  95 105 111 118 125 132 139 146 153 160  77  86  95 105 111 118 125 132 139 146 153 160  77  86  95 105 111 118 125 132 139 146 153 160  77  86  95 105 111 118 125 132 139 146 153 160  77  86  95 105 111 118 125 132 139 146 153 160  77  86  95 105 111 118 125 132 139 146 153 160  77  86  95 105 111 118 125 132 139 146 153 160
  0   0   0   0   0   0   0   0   0   0   0   0   0   0   0   0   0   0   0   0   0   0   0   0   0   0   0   0   0   0   0   0   0   0   0   0   0   0   0   0   0   2   2   2   2   2   2   2  78  89 100 111 123 131 140 149 158 167 176 185  78  89 100 111 123 131 140 149 158 167 176 185  78  89 100 111 123 131 140 149 158 167 176 185  78  89 100 111 123 131 140 149 158 167 176 185  78  89 100 111 123 131 140 149 158 167 176 185  78  89 100 111 123 131 140 149 158 167 176 185  78  89 100 111 123 131 140 149 158 167 176 185  78  89 100 111 123 131 140 149 158 167 176 185
  0   0   0   0   0   0   0   0   0   0   0   0   0   0   0   0   0   0   0   0   0   0   0   0   0   0   0   0   0   0   0   0   0   0   0   0   0   0   0   0   0   0   2   2   2   2   2   2  79  92 105 118 131 145 155 166 177 188 199 210  79  92 105 118 131 145 155 166 177 188 199 210  79  92 105 118 131 145 155 166 177 188 199 210  79  92 105 118 131 145 155 166 177 188 199 210  79  92 105 118 131 145 155 166 177 188 199 210  79  92 105 118 131 145 155 166 177 188 199 210  79  92 105 118 131 145 155 166 177 188 199 210  79  92 105 118 131 145 155 166 177 188 199 210
  0   0   0   0   0   0   0   0   0   0   0   0   0   0   0   0   0   0   0   0   0   0   0   0   0   0   0   0   0   0   0   0   0   0   0   0   0   0   0   0   0   0   0   2   2   2   2   2  80  95 110 125 140 155 171 183 196 209 222 235  80  95 110 125 140 155 171 183 196 209 222 235  80  95 110 125 140 155 171 183 196 209 222 235  80  95 110 125 140 155 171 183 196 209 222 235  80  95 110 125 140 155 171 183 196 209 222 235  80  95 110 125 140 155 171 183 196 209 222 235  80  95 110 125 140 155 171 183 196 209 222 235  80  95 110 125 140 155 171 183 196 209 222 235
  0   0   0   0   0   0   0   0   0   0   0   0   0   0   0   0   0   0   0   0   0   0   0   0   0   0   0   0   0   0   0   0   0   0   0   0   0   0   0   0   0   0   0   0   2   2   2   2  81  98 115 132 149 166 183 201 215 230 245 260  81  98 115 132 149 166 183 201 215 230 245 260  81  98 115 132 149 166 183 201 215 230 245 260  81  98 115 132 149 166 183 201 215 230 245 260  81  98 115 132 149 166 183 201 215 230 245 260  81  98 115 132 149 166 183 201 215 230 245 260  81  98 115 132 149 166 183 201 215 230 245 260  81  98 115 132 149 166 183 201 215 230 245 260
  0   0   0   0   0   0   0   0   0   0   0   0   0   0   0   0   0   0   0   0   0   0   0   0   0   0   0   0   0   0   0   0   0   0   0   0   0   0   0   0   0   0   0   0   0   2   2   2  82 101 120 139 158 177 196 215 235 251 268 285  82 101 120 139 158 177 196 215 235 251 268 285  82 101 120 139 158 177 196 215 235 251 268 285  82 101 120 139 158 177 196 215 235 251 268 285  82 101 120 139 158 177 196 215 235 251 268 285  82 101 120 139 158 177 196 215 235 251 268 285  82 101 120 139 158 177 196 215 235 251 268 285  82 101 120 139 158 177 196 215 235 251 268 285
  0   0   0   0   0   0   0   0   0   0   0   0   0   0   0   0   0   0   0   0   0   0   0   0   0   0   0   0   0   0   0   0   0   0   0   0   0   0   0   0   0   0   0   0   0   0   2   2  83 104 125 146 167 188 209 230 251 273 291 310  83 104 125 146 167 188 209 230 251 273 291 310  83 104 125 146 167 188 209 230 251 273 291 310  83 104 125 146 167 188 209 230 251 273 291 310  83 104 125 146 167 188 209 230 251 273 291 310  83 104 125 146 167 188 209 230 251 273 291 310  83 104 125 146 167 188 209 230 251 273 291 310  83 104 125 146 167 188 209 230 251 273 291 310
  0   0   0   0   0   0   0   0   0   0   0   0   0   0   0   0   0   0   0   0   0   0   0   0   0   0   0   0   0   0   0   0   0   0   0   0   0   0   0   0   0   0   0   0   0   0   0   2  84 107 130 153 176 199 222 245 268 291 315 335  84 107 130 153 176 199 222 245 268 291 315 335  84 107 130 153 176 199 222 245 268 291 315 335  84 107 130 153 176 199 222 245 268 291 315 335  84 107 130 153 176 199 222 245 268 291 315 335  84 107 130 153 176 199 222 245 268 291 315 335  84 107 130 153 176 199 222 245 268 291 315 335  84 107 130 153 176 199 222 245 268 291 315 335
  0   0   0   0   0   0   0   0   0   0   0   0   0   0   0   0   0   0   0   0   0   0   0   0   0   0   0   0   0   0   0   0   0   0   0   0   0   0   0   0   0   0   0   0   0   0   0   0  85 110 135 160 185 210 235 260 285 310 335 361  85 110 135 160 185 210 235 260 285 310 335 361  85 110 135 160 185 210 235 260 285 310 335 361  85 110 135 160 185 210 235 260 285 310 335 361  85 110 135 160 185 210 235 260 285 310 335 361  85 110 135 160 185 210 235 260 285 310 335 361  85 110 135 160 185 210 235 260 285 310 335 361  85 110 135 160 185 210 235 260 285 310 335 361
  0   0   0   0   0   0   0   0   0   0   0   0   0   0   0   0   0   0   0   0   0   0   0   0   0   0   0   0   0   0   0   0   0   0   0   0   0   0   0   0   0   0   0   0   0   0   0   0   0   2   2   2   2   2   2   2   2   2   2   2  75  75  76  77  78  79  80  81  82  83  84  85  75  75  76  77  78  79  80  81  82  83  84  85  75  75  76  77  78  79  80  81  82  83  84  85  75  75  76  77  78  79  80  81  82  83  84  85  75  75  76  77  78  79  80  81  82  83  84  85  75  75  76  77  78  79  80  81  82  83  84  85  75  75  76  77  78  79  80  81  82  83  84  85
  0   0   0   0   0   0   0   0   0   0   0   0   0   0   0   0   0   0   0   0   0   0   0   0   0   0   0   0   0   0   0   0   0   0   0   0   0   0   0   0   0   0   0   0   0   0   0   0   0   0   2   2   2   2   2   2   2   2   2   2  75  81  83  86  89  92  95  98 101 104 107 110  75  81  83  86  89  92  95  98 101 104 107 110  75  81  83  86  89  92  95  98 101 104 107 110  75  81  83  86  89  92  95  98 101 104 107 110  75  81  83  86  89  92  95  98 101 104 107 110  75  81  83  86  89  92  95  98 101 104 107 110  75  81  83  86  89  92  95  98 101 104 107 110
  0   0   0   0   0   0   0   0   0   0   0   0   0   0   0   0   0   0   0   0   0   0   0   0   0   0   0   0   0   0   0   0   0   0   0   0   0   0   0   0   0   0   0   0   0   0   0   0   0   0   0   2   2   2   2   2   2   2   2   2  76  83  91  95 100 105 110 115 120 125 130 135  76  83  91  95 100 105 110 115 120 125 130 135  76  83  91  95 100 105 110 115 120 125 130 135  76  83  91  95 100 105 110 115 120 125 130 135  76  83  91  95 100 105 110 115 120 125 130 135  76  83  91  95 100 105 110 115 120 125 130 135  76  83  91  95 100 105 110 115 120 125 130 135
  0   0   0   0   0   0   0   0   0   0   0   0   0   0   0   0   0   0   0   0   0   0   0   0   0   0   0   0   0   0   0   0   0   0   0   0   0   0   0   0   0   0   0   0   0   0   0   0   0   0   0   0   2   2   2   2   2   2   2   2  77  86  95 105 111 118 125 132 139 146 153 160  77  86  95 105 111 118 125 132 139 146 153 160  77  86  95 105 111 118 125 132 139 146 153 160  77  86  95 105 111 118 125 132 139 146 153 160  77  86  95 105 111 118 125 132 139 146 153 160  77  86  95 105 111 118 125 132 139 146 153 160  77  86  95 105 111 118 125 132 139 146 153 160
  0   0   0   0   0   0   0   0   0   0   0   0   0   0   0   0   0   0   0   0   0   0   0   0   0   0   0   0   0   0   0   0   0   0   0   0   0   0   0   0   0   0   0   0   0   0   0   0   0   0   0   0   0   2   2   2   2   2   2   2  78  89 100 111 123 131 140 149 158 167 176 185  78  89 100 111 123 131 140 149 158 167 176 185  78  89 100 111 123 131 140 149 158 167 176 185  78  89 100 111 123 131 140 149 158 167 176 185  78  89 100 111 123 131 140 149 158 167 176 185  78  89 100 111 123 131 140 149 158 167 176 185  78  89 100 111 123 131 140 149 158 167 176 185
  0   0   0   0   0   0   0   0   0   0   0   0   0   0   0   0   0   0   0   0   0   0   0   0   0   0   0   0   0   0   0   0   0   0   0   0   0   0   0   0   0   0   0   0   0   0   0   0   0   0   0   0   0   0   2   2   2   2   2   2  79  92 105 118 131 145 155 166 177 188 199 210  79  92 105 118 131 145 155 166 177 188 199 210  79  92 105 118 131 145 155 166 177 188 199 210  79  92 105 118 131 145 155 166 177 188 199 210  79  92 105 118 131 145 155 166 177 188 199 210  79  92 105 118 131 145 155 166 177 188 199 210  79  92 105 118 131 145 155 166 177 188 199 210
  0   0   0   0   0   0   0   0   0   0   0   0   0   0   0   0   0   0   0   0   0   0   0   0   0   0   0   0   0   0   0   0   0   0   0   0   0   0   0   0   0   0   0   0   0   0   0   0   0   0   0   0   0   0   0   2   2   2   2   2  80  95 110 125 140 155 171 183 196 209 222 235  80  95 110 125 140 155 171 183 196 209 222 235  80  95 110 125 140 155 171 183 196 209 222 235  80  95 110 125 140 155 171 183 196 209 222 235  80  95 110 125 140 155 171 183 196 209 222 235  80  95 110 125 140 155 171 183 196 209 222 235  80  95 110 125 140 155 171 183 196 209 222 235
  0   0   0   0   0   0   0   0   0   0   0   0   0   0   0   0   0   0   0   0   0   0   0   0   0   0   0   0   0   0   0   0   0   0   0   0   0   0   0   0   0   0   0   0   0   0   0   0   0   0   0   0   0   0   0   0   2   2   2   2  81  98 115 132 149 166 183 201 215 230 245 260  81  98 115 132 149 166 183 201 215 230 245 260  81  98 115 132 149 166 183 201 215 230 245 260  81  98 115 132 149 166 183 201 215 230 245 260  81  98 115 132 149 166 183 201 215 230 245 260  81  98 115 132 149 166 183 201 215 230 245 260  81  98 115 132 149 166 183 201 215 230 245 260
  0   0   0   0   0   0   0   0   0   0   0   0   0   0   0   0   0   0   0   0   0   0   0   0   0   0   0   0   0   0   0   0   0   0   0   0   0   0   0   0   0   0   0   0   0   0   0   0   0   0   0   0   0   0   0   0   0   2   2   2  82 101 120 139 158 177 196 215 235 251 268 285  82 101 120 139 158 177 196 215 235 251 268 285  82 101 120 139 158 177 196 215 235 251 268 285  82 101 120 139 158 177 196 215 235 251 268 285  82 101 120 139 158 177 196 215 235 251 268 285  82 101 120 139 158 177 196 215 235 251 268 285  82 101 120 139 158 177 196 215 235 251 268 285
  0   0   0   0   0   0   0   0   0   0   0   0   0   0   0   0   0   0   0   0   0   0   0   0   0   0   0   0   0   0   0   0   0   0   0   0   0   0   0   0   0   0   0   0   0   0   0   0   0   0   0   0   0   0   0   0   0   0   2   2  83 104 125 146 167 188 209 230 251 273 291 310  83 104 125 146 167 188 209 230 251 273 291 310  83 104 125 146 167 188 209 230 251 273 291 310  83 104 125 146 167 188 209 230 251 273 291 310  83 104 125 146 167 188 209 230 251 273 291 310  83 104 125 146 167 188 209 230 251 273 291 310  83 104 125 146 167 188 209 230 251 273 291 310
  0   0   0   0   0   0   0   0   0   0   0   0   0   0   0   0   0   0   0   0   0   0   0   0   0   0   0   0   0   0   0   0   0   0   0   0   0   0   0   0   0   0   0   0   0   0   0   0   0   0   0   0   0   0   0   0   0   0   0   2  84 107 130 153 176 199 222 245 268 291 315 335  84 107 130 153 176 199 222 245 268 291 315 335  84 107 130 153 176 199 222 245 268 291 315 335  84 107 130 153 176 199 222 245 268 291 315 335  84 107 130 153 176 199 222 245 268 291 315 335  84 107 130 153 176 199 222 245 268 291 315 335  84 107 130 153 176 199 222 245 268 291 315 335
  0   0   0   0   0   0   0   0   0   0   0   0   0   0   0   0   0   0   0   0   0   0   0   0   0   0   0   0   0   0   0   0   0   0   0   0   0   0   0   0   0   0   0   0   0   0   0   0   0   0   0   0   0   0   0   0   0   0   0   0  85 110 135 160 185 210 235 260 285 310 335 361  85 110 135 160 185 210 235 260 285 310 335 361  85 110 135 160 185 210 235 260 285 310 335 361  85 110 135 160 185 210 235 260 285 310 335 361  85 110 135 160 185 210 235 260 285 310 335 361  85 110 135 160 185 210 235 260 285 310 335 361  85 110 135 160 185 210 235 260 285 310 335 361
  0   0   0   0   0   0   0   0   0   0   0   0   0   0   0   0   0   0   0   0   0   0   0   0   0   0   0   0   0   0   0   0   0   0   0   0   0   0   0   0   0   0   0   0   0   0   0   0   0   0   0   0   0   0   0   0   0   0   0   0   0   2   2   2   2   2   2   2   2   2   2   2  75  75  76  77  78  79  80  81  82  83  84  85  75  75  76  77  78  79  80  81  82  83  84  85  75  75  76  77  78  79  80  81  82  83  84  85  75  75  76  77  78  79  80  81  82  83  84  85  75  75  76  77  78  79  80  81  82  83  84  85  75  75  76  77  78  79  80  81  82  83  84  85
  0   0   0   0   0   0   0   0   0   0   0   0   0   0   0   0   0   0   0   0   0   0   0   0   0   0   0   0   0   0   0   0   0   0   0   0   0   0   0   0   0   0   0   0   0   0   0   0   0   0   0   0   0   0   0   0   0   0   0   0   0   0   2   2   2   2   2   2   2   2   2   2  75  81  83  86  89  92  95  98 101 104 107 110  75  81  83  86  89  92  95  98 101 104 107 110  75  81  83  86  89  92  95  98 101 104 107 110  75  81  83  86  89  92  95  98 101 104 107 110  75  81  83  86  89  92  95  98 101 104 107 110  75  81  83  86  89  92  95  98 101 104 107 110
  0   0   0   0   0   0   0   0   0   0   0   0   0   0   0   0   0   0   0   0   0   0   0   0   0   0   0   0   0   0   0   0   0   0   0   0   0   0   0   0   0   0   0   0   0   0   0   0   0   0   0   0   0   0   0   0   0   0   0   0   0   0   0   2   2   2   2   2   2   2   2   2  76  83  91  95 100 105 110 115 120 125 130 135  76  83  91  95 100 105 110 115 120 125 130 135  76  83  91  95 100 105 110 115 120 125 130 135  76  83  91  95 100 105 110 115 120 125 130 135  76  83  91  95 100 105 110 115 120 125 130 135  76  83  91  95 100 105 110 115 120 125 130 135
  0   0   0   0   0   0   0   0   0   0   0   0   0   0   0   0   0   0   0   0   0   0   0   0   0   0   0   0   0   0   0   0   0   0   0   0   0   0   0   0   0   0   0   0   0   0   0   0   0   0   0   0   0   0   0   0   0   0   0   0   0   0   0   0   2   2   2   2   2   2   2   2  77  86  95 105 111 118 125 132 139 146 153 160  77  86  95 105 111 118 125 132 139 146 153 160  77  86  95 105 111 118 125 132 139 146 153 160  77  86  95 105 111 118 125 132 139 146 153 160  77  86  95 105 111 118 125 132 139 146 153 160  77  86  95 105 111 118 125 132 139 146 153 160
  0   0   0   0   0   0   0   0   0   0   0   0   0   0   0   0   0   0   0   0   0   0   0   0   0   0   0   0   0   0   0   0   0   0   0   0   0   0   0   0   0   0   0   0   0   0   0   0   0   0   0   0   0   0   0   0   0   0   0   0   0   0   0   0   0   2   2   2   2   2   2   2  78  89 100 111 123 131 140 149 158 167 176 185  78  89 100 111 123 131 140 149 158 167 176 185  78  89 100 111 123 131 140 149 158 167 176 185  78  89 100 111 123 131 140 149 158 167 176 185  78  89 100 111 123 131 140 149 158 167 176 185  78  89 100 111 123 131 140 149 158 167 176 185
  0   0   0   0   0   0   0   0   0   0   0   0   0   0   0   0   0   0   0   0   0   0   0   0   0   0   0   0   0   0   0   0   0   0   0   0   0   0   0   0   0   0   0   0   0   0   0   0   0   0   0   0   0   0   0   0   0   0   0   0   0   0   0   0   0   0   2   2   2   2   2   2  79  92 105 118 131 145 155 166 177 188 199 210  79  92 105 118 131 145 155 166 177 188 199 210  79  92 105 118 131 145 155 166 177 188 199 210  79  92 105 118 131 145 155 166 177 188 199 210  79  92 105 118 131 145 155 166 177 188 199 210  79  92 105 118 131 145 155 166 177 188 199 210
  0   0   0   0   0   0   0   0   0   0   0   0   0   0   0   0   0   0   0   0   0   0   0   0   0   0   0   0   0   0   0   0   0   0   0   0   0   0   0   0   0   0   0   0   0   0   0   0   0   0   0   0   0   0   0   0   0   0   0   0   0   0   0   0   0   0   0   2   2   2   2   2  80  95 110 125 140 155 171 183 196 209 222 235  80  95 110 125 140 155 171 183 196 209 222 235  80  95 110 125 140 155 171 183 196 209 222 235  80  95 110 125 140 155 171 183 196 209 222 235  80  95 110 125 140 155 171 183 196 209 222 235  80  95 110 125 140 155 171 183 196 209 222 235
  0   0   0   0   0   0   0   0   0   0   0   0   0   0   0   0   0   0   0   0   0   0   0   0   0   0   0   0   0   0   0   0   0   0   0   0   0   0   0   0   0   0   0   0   0   0   0   0   0   0   0   0   0   0   0   0   0   0   0   0   0   0   0   0   0   0   0   0   2   2   2   2  81  98 115 132 149 166 183 201 215 230 245 260  81  98 115 132 149 166 183 201 215 230 245 260  81  98 115 132 149 166 183 201 215 230 245 260  81  98 115 132 149 166 183 201 215 230 245 260  81  98 115 132 149 166 183 201 215 230 245 260  81  98 115 132 149 166 183 201 215 230 245 260
  0   0   0   0   0   0   0   0   0   0   0   0   0   0   0   0   0   0   0   0   0   0   0   0   0   0   0   0   0   0   0   0   0   0   0   0   0   0   0   0   0   0   0   0   0   0   0   0   0   0   0   0   0   0   0   0   0   0   0   0   0   0   0   0   0   0   0   0   0   2   2   2  82 101 120 139 158 177 196 215 235 251 268 285  82 101 120 139 158 177 196 215 235 251 268 285  82 101 120 139 158 177 196 215 235 251 268 285  82 101 120 139 158 177 196 215 235 251 268 285  82 101 120 139 158 177 196 215 235 251 268 285  82 101 120 139 158 177 196 215 235 251 268 285
